2.692916666666667069e-01
3.862499999999999822e-01
3.882083333333333219e-01
4.274166666666666670e-01
3.826249999999999929e-01
2.825833333333332975e-01
1.720833333333333381e-01
2.952083333333332948e-01
4.122083333333332877e-01
3.678750000000000075e-01
4.315625000000000155e-01
1.934375000000000122e-01
1.959374999999999867e-01
4.251666666666666927e-01
3.985624999999999862e-01
3.937499999999999889e-01
4.358750000000000124e-01
2.132708333333333539e-01
3.622291666666667131e-01
3.426874999999999782e-01
3.226249999999999951e-01
3.156875000000000098e-01
1.556458333333333444e-01
1.239166666666666750e-01
1.342500000000000082e-01
1.365208333333333413e-01
3.264374999999999916e-01
2.839166666666667060e-01
3.885000000000000120e-01
2.124791666666666634e-01
3.019999999999999907e-01
2.495833333333333515e-01
3.162916666666666932e-01
2.975416666666667043e-01
1.730833333333333390e-01
2.481666666666666465e-01
2.685624999999999818e-01
2.371041666666666436e-01
1.319583333333333441e-01
1.344166666666666565e-01