1.471250000000000058e-01
4.782083333333332908e-01
4.589166666666666949e-01
2.946666666666666878e-01
2.244166666666666532e-01
1.390833333333333366e-01
8.924999999999999600e-02
3.996250000000000080e-01
1.936666666666666536e-01
3.407708333333333006e-01
4.110416666666666941e-01
3.543958333333332988e-01
2.671041666666666980e-01
3.380000000000000226e-01
1.858333333333333504e-01
1.883333333333333526e-01
4.868750000000000161e-02
4.232708333333333184e-01
1.459374999999999978e-01
3.845833333333333326e-01
2.205208333333333326e-01
1.660625000000000018e-01
1.565833333333333521e-01
2.733541666666666758e-01
4.183333333333333348e-01
2.064374999999999960e-01
6.360416666666666996e-02
2.019791666666666541e-01
7.135416666666667684e-02
7.068750000000000033e-02
7.177083333333332538e-02
6.635416666666667240e-02
6.066666666666666735e-02
5.987499999999999767e-02
1.112083333333333257e-01
9.079166666666667329e-02
6.377083333333333215e-02
5.962499999999999745e-02
7.762499999999999956e-02
5.847916666666666541e-02