6.072499999999999565e-01
8.235000000000000098e-01
6.742916666666666226e-01
6.088750000000000551e-01
8.507083333333333997e-01
7.919583333333333197e-01
8.342083333333333295e-01
7.069999999999999618e-01
6.605833333333334112e-01
7.458541666666665959e-01
6.844375000000000320e-01
7.178750000000000409e-01
8.431041666666666545e-01
7.987708333333333188e-01
5.701249999999999929e-01
7.595208333333334227e-01
6.125000000000000444e-01
8.566666666666665764e-01
6.006458333333333233e-01
3.906666666666666621e-01
5.961250000000000160e-01
6.398541666666666128e-01
7.139999999999999680e-01
4.851458333333333317e-01
5.759374999999999911e-01
5.513541666666665897e-01
6.767291666666666039e-01
6.245625000000000204e-01
4.465624999999999734e-01
3.169583333333332864e-01
4.810833333333333073e-01
3.462291666666666989e-01
3.169791666666667007e-01
1.131458333333333344e-01
6.309583333333333988e-01
5.233958333333332824e-01
2.766666666666666718e-01
1.840416666666666590e-01
2.684791666666667131e-01
4.916458333333333375e-01