6.749958333333332838e+00
7.337041666666666906e+00
6.818500000000000227e+00
6.959999999999999964e+00
7.115958333333333385e+00
6.476874999999999716e+00
6.408416666666666650e+00
7.074041666666667005e+00
6.940458333333332952e+00
7.040583333333333194e+00
6.675874999999999559e+00
5.844687500000000036e+00
6.176416666666667332e+00
7.127437500000000092e+00
6.080583333333333229e+00
6.822145833333332909e+00
5.787645833333333378e+00
7.248312499999999936e+00
6.216562500000000213e+00
6.061479166666667417e+00
5.739499999999999602e+00
5.800062500000000121e+00
6.405624999999999680e+00
5.499208333333332810e+00
5.809395833333333314e+00
5.532604166666667211e+00
5.229854166666666693e+00
5.564354166666666934e+00
4.027833333333333599e+00
4.664333333333333442e+00
5.211770833333333464e+00
4.845854166666667240e+00
4.561333333333332796e+00
3.626875000000000071e+00
5.198500000000000121e+00
5.196854166666667219e+00
4.588874999999999815e+00
4.522479166666666828e+00
4.797708333333333464e+00
4.709062499999999929e+00
