6.826250000000000373e-01
4.449583333333332891e-01
4.697500000000000009e-01
4.416666666666667074e-01
3.611249999999999738e-01
4.909166666666666679e-01
3.925416666666666776e-01
5.387083333333333446e-01
5.269583333333334174e-01
4.844999999999999862e-01
5.185416666666666785e-01
2.631666666666666599e-01
2.798333333333333228e-01
5.855208333333333792e-01
4.891874999999999973e-01
4.427916666666666945e-01
1.161041666666666750e-01
7.504583333333333384e-01
4.005208333333333259e-01
4.922083333333333033e-01
2.214166666666666505e-01
2.312916666666666454e-01
6.333750000000000213e-01
3.362499999999999933e-01
3.628958333333333064e-01
5.451249999999999707e-01
1.326458333333333517e-01
2.956041666666666679e-01
2.378125000000000100e-01
3.596041666666666692e-01
1.968541666666666634e-01
1.980625000000000024e-01
4.483333333333333615e-02
6.587500000000000300e-02
9.660416666666667151e-02
1.135416666666666692e-02
8.908333333333333381e-02
3.037916666666666821e-01
2.926041666666666652e-01
4.416666666666666657e-02