6.030416666666665870e-01
5.186250000000000027e-01
3.225000000000000089e-01
4.738333333333333286e-01
3.809166666666666812e-01
4.000833333333332908e-01
3.577083333333332948e-01
5.448749999999999982e-01
5.014166666666667327e-01
3.986458333333333104e-01
4.131666666666666821e-01
4.993333333333332957e-01
4.611458333333333104e-01
5.441458333333333286e-01
4.066250000000000142e-01
4.252916666666666790e-01
4.448750000000000204e-01
4.705624999999999947e-01
5.553333333333333455e-01
2.455624999999999891e-01
3.320624999999999827e-01
3.603541666666666976e-01
4.414374999999999827e-01
4.405625000000000235e-01
5.246666666666666146e-01
5.468958333333333588e-01
4.576666666666666661e-01
3.326250000000000040e-01
2.565833333333333299e-01
3.125000000000000000e-01
4.216666666666666896e-01
2.828958333333332908e-01
2.189791666666666692e-01
1.957083333333333452e-01
4.259375000000000244e-01
4.754166666666667096e-01
2.766874999999999751e-01
3.693541666666667056e-01
4.174583333333333202e-01
4.849583333333333246e-01