3.074583333333333335e-01
5.037500000000000311e-01
4.859583333333333255e-01
4.179583333333333206e-01
5.965416666666666368e-01
4.010833333333332917e-01
4.852083333333332971e-01
3.589999999999999858e-01
4.588749999999999774e-01
5.792291666666665728e-01
3.692916666666666847e-01
3.143750000000000155e-01
4.325208333333332988e-01
4.918541666666667034e-01
2.274791666666666490e-01
5.194374999999999964e-01
4.037708333333333011e-01
3.638958333333333073e-01
2.798125000000000195e-01
1.818958333333333399e-01
2.187916666666666621e-01
3.382708333333332984e-01
3.980208333333333237e-01
1.745208333333333472e-01
1.689583333333333492e-01
1.395833333333333370e-01
2.356666666666666632e-01
3.010625000000000107e-01
2.068750000000000103e-02
1.908333333333333062e-02
7.224999999999999478e-02
3.475000000000000311e-02
4.795833333333333892e-02
9.104166666666666657e-03
2.100625000000000131e-01
1.379166666666666596e-01
1.174791666666666762e-01
8.954166666666667218e-02
4.820833333333333914e-02
4.929166666666666419e-02