1.166749999999999954e+00
1.060375000000000068e+00
9.037083333333333357e-01
1.001916666666666567e+00
1.049666666666666748e+00
1.047166666666666579e+00
1.106000000000000094e+00
1.110041666666666815e+00
1.034916666666666707e+00
9.758958333333334068e-01
6.084791666666666821e-01
4.284999999999999920e-01
6.215000000000000524e-01
8.207083333333333730e-01
5.472500000000000142e-01
1.033625000000000016e+00
6.902916666666666368e-01
1.107124999999999915e+00
9.544791666666666563e-01
1.054270833333333268e+00
8.641874999999999973e-01
8.636249999999999760e-01
9.999583333333333934e-01
6.369375000000000453e-01
4.670833333333332948e-01
6.061041666666666661e-01
4.307916666666666838e-01
5.119166666666666865e-01
5.645833333333333433e-03
1.782708333333333506e-01
4.556041666666666989e-01
4.206041666666666679e-01
4.669166666666667020e-01
4.166666666666666435e-02
6.462499999999999911e-01
5.100624999999999742e-01
3.209791666666667043e-01
2.794791666666666674e-01
3.654999999999999916e-01
3.748750000000000138e-01