9.716666666666666508e-02
7.087499999999999356e-02
8.841666666666667118e-02
1.143750000000000044e-01
1.774999999999999911e-01
7.920833333333332504e-02
7.266666666666667107e-02
8.637499999999999345e-02
5.966666666666666646e-02
4.641666666666666163e-02
8.739583333333332538e-02
7.035416666666667596e-02
6.745833333333332849e-02
1.036666666666666708e-01
9.625000000000000222e-02
6.852083333333332249e-02
9.277083333333333015e-02
1.686874999999999902e-01
9.087499999999999745e-02
7.072916666666667629e-02
7.893749999999999378e-02
7.624999999999999833e-02
7.464583333333332793e-02
6.239583333333333787e-02
6.052083333333333620e-02
5.783333333333333381e-02
5.441666666666666180e-02
5.620833333333333237e-02
5.589583333333333903e-02
5.314583333333333659e-02
4.958333333333333343e-02
6.581249999999999600e-02
4.800000000000000100e-02
4.875000000000000167e-02
7.029166666666666896e-02
4.247916666666666508e-02
7.966666666666667729e-02
4.712500000000000022e-02
7.289583333333332638e-02
4.612499999999999933e-02