1.579166666666666566e-02
5.154166666666666619e-02
4.233333333333333393e-02
1.824166666666666436e-01
1.316666666666666680e-02
7.958333333333332885e-03
2.320833333333333082e-02
5.270833333333333620e-02
6.270833333333333814e-02
9.827083333333333504e-02
1.531666666666666454e-01
3.064583333333333048e-02
2.775000000000000036e-02
3.624999999999999750e-02
1.372708333333333419e-01
1.072916666666666637e-02
7.624999999999999833e-03
1.595833333333333479e-02
1.568750000000000006e-02
7.843749999999999334e-02
8.081249999999999545e-02
6.508620689655172063e-03
4.212962962962962625e-03
3.162500000000000033e-02
9.883333333333332860e-02
9.479166666666665256e-03
6.339285714285714836e-03
7.229166666666666727e-03
4.806034482758620233e-03
3.062499999999999944e-02
2.337499999999999994e-02
1.040948275862068999e-02
2.737068965517241298e-03
2.213541666666666609e-03
2.527173913043478676e-03
9.450000000000000067e-02
2.276785714285714263e-03
2.668269230769231004e-03
2.500000000000000052e-03
1.796875000000000078e-03